11
0 20 34 0 0 0 43 46 0 0 0
20 0 41 0 0 0 0 0 0 27 42
34 41 0 31 42 30 49 50 33 37 50
0 0 31 0 31 29 0 0 0 0 0
0 0 42 31 0 0 0 0 0 31 13
0 0 30 29 0 0 4 0 0 0 0
43 0 49 0 0 4 0 19 49 15 0
46 0 50 0 0 0 19 0 1 0 0
0 0 33 0 0 0 49 1 0 11 0
0 27 37 0 31 0 15 0 11 0 0
0 42 50 0 13 0 0 0 0 0 0